	111
  N.V. (*)	42
 INC	410
 INC.	5880
 INC. (DBA ITA)	2
 INC. OF INDIANA	2
 INCORPOR	1
 INCORPORATED	893
 INCORPORATED- MASTERACK	1
 ININC.	6
 Inc	1283
 Inc.	12246
 L.P.	62
 LES REMORQUES DE RIMOUSKI INC	1
 LIMITED	4
 LLC	2726
 LLC.	556
 LLP	1
 LP	16
 LTD	202
 LTD.	30
 Ltd.	186
 SRL.	3
 TBK	4
 U.S.A.	153
 USA	215
 dba T-Motorsports	1
19660915	1
19660929	5
19661006	1
19661012	4
19661013	1
19661020	4
19661115	1
19661128	11
19661212	1
19670108	5
19670123	2
19670203	2
19670210	1
19670223	2
19670316	2
19670317	2
19670331	2
19670413	4
19670428	5
19670623	2
19670705	8
19670811	3
19670912	4
19670913	2
19671003	9
19671009	23
19671018	6
19671223	3
19680109	1
19680112	1
19680213	3
19680411	14
19680419	1
19680422	1
19680430	1
19680523	2
19680524	1
19680603	1
19680613	4
19680619	31
19680621	2
19680624	2
19680724	1
19680813	1
19681016	1
19681106	2
19681108	1
19681118	1
19681119	1
19681203	2
19681213	2
19681223	4
19690113	1
19690114	1
19690123	1
19690228	2
19690304	1
19690319	7
19690325	1
19690408	27
19690415	1
19690418	1
19690502	1
19690509	1
19690523	3
19690528	2
19690618	1
19690623	2
19690630	3
19690710	6
19690714	18
19690716	2
19690728	2
19690805	2
19690813	1
19690815	2
19690904	3
19690908	1
19690909	2
19690930	8
19691007	1
19691008	1
19691028	1
19691030	3
19691107	3
19691117	1
19691124	2
19691128	1
19691221	1
19691231	1
19700104	2
19700105	1
19700119	12
19700304	2
19700403	1
19700408	3
19700501	1
19700506	3
19700515	2
19700525	1
19700526	1
19700601	1
19700604	2
19700605	1
19700611	5
19700617	1
19700618	5
19700707	7
19700713	1
19700716	1
19700717	1
19700728	1
19700729	4
19700730	6
19700810	1
19700812	38
19700828	1
19700910	2
19700911	1
19701006	5
19701029	2
19701110	3
19701123	8
19701124	2
19701203	1
19701211	1
19701228	1
19710103	3
19710113	1
19710127	7
19710202	3
19710216	6
19710219	31
19710401	2
19710406	1
19710407	6
19710414	1
19710419	1
19710420	2
19710430	4
19710513	1
19710519	8
19710527	4
19710601	4
19710602	3
19710614	4
19710617	1
19710618	1
19710624	2
19710628	2
19710630	1
19710707	5
19710714	1
19710802	1
19710806	2
19710812	1
19710816	1
19710817	4
19710818	10
19710819	6
19710820	1
19710822	1
19710824	4
19710825	2
19710901	1
19710909	3
19710915	1
19710927	1
19711004	1
19711013	2
19711014	3
19711018	1
19711026	1
19711106	5
19711109	1
19711110	4
19711112	4
19711115	9
19711117	18
19711203	1
19711209	2
19711215	9
19711217	6
19711218	1
19711229	2
19720104	6
19720107	1
19720113	3
19720118	1
19720120	1
19720131	6
19720215	2
19720216	1
19720222	1
19720306	1
19720404	5
19720407	1
19720410	1
19720424	1
19720501	2
19720505	3
19720510	2
19720517	3
19720519	3
19720523	4
19720601	3
19720612	1
19720616	2
19720705	10
19720707	2
19720725	13
19720727	6
19720901	6
19720911	3
19720918	1
19720921	6
19721010	2
19721012	9
19721026	1
19721027	2
19721102	3
19721107	1
19721108	11
19721120	1
19721121	2
19721129	3
19721208	6
19721212	4
19721219	1
19721227	10
19721229	2
19730105	2
19730109	13
19730115	1
19730124	23
19730129	6
19730212	1
19730216	15
19730220	5
19730221	1
19730308	3
19730312	1
19730314	1
19730321	10
19730326	4
19730402	1
19730409	1
19730410	5
19730413	1
19730425	1
19730426	1
19730430	1
19730501	6
19730504	3
19730508	1
19730518	1
19730604	2
19730607	2
19730620	2
19730621	15
19730702	28
19730706	2
19730713	2
19730716	7
19730802	1
19730807	2
19730823	1
19730829	8
19730907	1
19730914	8
19730917	3
19730919	1
19731001	4
19731015	1
19731102	1
19731108	13
19731114	2
19731121	4
19731213	1
19731219	4
19740106	1
19740107	3
19740108	1
19740116	1
19740122	2
19740204	3
19740206	2
19740215	48
19740221	2
19740222	12
19740225	9
19740304	3
19740318	6
19740325	2
19740416	7
19740425	10
19740513	1
19740521	4
19740529	6
19740605	3
19740617	1
19740621	1
19740624	1
19740625	8
19740701	1
19740705	48
19740716	40
19740723	1
19740801	1
19740806	3
19740813	7
19740820	1
19740905	10
19740913	1
19740916	1
19741001	1
19741007	2
19741008	1
19741010	2
19741015	2
19741022	1
19741030	2
19741101	1
19741104	2
19741115	1
19741119	1
19741122	1
19741210	1
19741218	2
19741223	45
19741226	3
19741230	1
19750108	1
19750127	2
19750128	1
19750211	1
19750212	3
19750214	2
19750304	30
19750324	6
19750331	2
19750411	1
19750414	8
19750416	1
19750422	1
19750429	5
19750501	4
19750505	3
19750506	6
19750507	1
19750512	10
19750513	16
19750523	1
19750527	3
19750529	5
19750530	3
19750609	2
19750623	40
19750702	1
19750708	2
19750709	1
19750711	1
19750715	5
19750717	4
19750721	2
19750805	4
19750819	2
19750820	3
19750821	1
19751020	7
19751104	3
19751110	2
19751114	4
19751202	7
19751209	1
19751215	4
19751219	25
19751229	52
19760104	8
19760112	2
19760130	3
19760212	4
19760220	15
19760223	2
19760227	4
19760301	2
19760303	4
19760310	1
19760311	3
19760312	1
19760316	1
19760420	3
19760428	22
19760429	1
19760505	2
19760511	1
19760521	1
19760525	2
19760611	1
19760618	1
19760622	1
19760624	1
19760629	1
19760701	6
19760702	1
19760707	1
19760708	1
19760709	1
19760710	3
19760714	2
19760715	18
19760719	3
19760810	6
19760812	2
19760813	5
19760817	1
19760907	2
19760914	10
19760924	2
19760927	7
19761001	2
19761004	5
19761012	9
19761013	1
19761014	5
19761019	1
19761022	1
19761029	3
19761109	1
19761116	1
19761118	8
19761126	1
19761201	2
19761206	31
19761217	1
19761220	1
19770101	1
19770112	3
19770118	2
19770209	1
19770224	6
19770301	6
19770302	1
19770314	11
19770321	1
19770405	1
19770406	3
19770412	1
19770415	1
19770425	4
19770506	9
19770509	1
19770512	1
19770519	2
19770523	5
19770524	3
19770601	1
19770602	3
19770606	4
19770607	3
19770610	1
19770614	1
19770616	2
19770617	2
19770701	1
19770706	2
19770708	2
19770711	3
19770715	7
19770803	2
19770810	2
19770816	4
19770817	1
19770901	1
19770907	2
19770915	7
19770919	3
19770921	1
19770922	3
19770928	3
19771005	3
19771017	6
19771018	1
19771019	4
19771025	2
19771103	1
19771104	1
19771115	9
19771121	2
19771123	2
19771202	1
19771204	2
19771214	4
19771215	1
19771220	2
19771227	10
19771228	51
19780107	3
19780116	1
19780120	6
19780123	2
19780124	21
19780208	2
19780215	8
19780217	14
19780224	2
19780301	1
19780309	13
19780313	5
19780321	1
19780324	11
19780328	1
19780404	5
19780411	1
19780419	4
19780424	5
19780425	1
19780503	2
19780517	9
19780522	3
19780524	2
19780602	5
19780606	4
19780608	4
19780612	6
19780619	8
19780621	2
19780626	22
19780627	16
19780703	2
19780719	7
19780801	2
19780816	4
19780818	1
19780823	16
19780906	4
19780911	3
19780913	2
19780926	3
19780927	2
19781010	16
19781017	2
19781020	10
19781023	1
19781025	2
19781113	2
19781116	2
19781120	2
19781127	12
19781129	11
19781201	4
19781204	2
19781211	6
19781213	1
19781214	1
19790104	2
19790105	2
19790109	4
19790115	3
19790118	3
19790124	8
19790126	3
19790221	1
19790223	2
19790306	3
19790321	2
19790322	14
19790329	30
19790402	9
19790403	1
19790413	1
19790416	8
19790417	4
19790510	4
19790511	3
19790515	25
19790522	6
19790531	4
19790606	1
19790613	4
19790614	3
19790620	1
19790626	1
19790702	5
19790709	12
19790710	1
19790717	3
19790724	1
19790725	1
19790801	2
19790808	4
19790810	3
19790815	3
19790817	2
19790824	1
19790830	1
19790914	3
19790917	1
19790918	31
19790921	1
19790925	4
19790927	2
19791001	1
19791010	2
19791012	5767
19791022	1
19791029	1
19791102	3
19791106	1
19791115	8
19791120	2
19791204	5
19791211	36
19791212	26
19791213	31
19791214	30
19791218	4
19791219	6
19791227	9
19791228	16
19800111	33
19800114	41
19800122	1
19800130	2
19800205	22
19800214	1
19800226	5
19800306	64
19800307	27
19800311	4
19800312	1
19800318	3
19800319	4
19800325	3
19800331	11
19800401	6
19800402	3
19800404	93
19800408	3
19800410	2
19800411	4
19800415	2
19800416	2
19800502	4
19800508	1
19800515	3
19800516	3
19800523	30
19800528	1
19800602	1
19800606	1
19800611	50
19800617	20
19800619	5
19800620	22
19800718	7
19800723	3
19800724	1
19800725	3
19800729	4
19800730	1
19800731	6
19800805	4
19800806	4
19800808	23
19800811	1
19800813	2
19800814	7
19800815	1
19800818	2
19800821	9
19800825	1
19800826	6
19800827	26
19800909	6
19800918	2
19800925	4
19801001	8
19801003	2
19801016	15
19801022	9
19801027	1
19801104	2
19801110	4
19801112	7
19801113	6
19801114	7
19801119	2
19801208	1
19801209	26
19801210	6
19801212	2
19801217	12
19801230	1
19810104	3
19810109	4
19810113	37
19810115	3
19810121	1
19810126	1
19810211	10
19810212	62
19810213	2
19810218	1
19810226	1
19810303	3
19810306	45
19810311	9
19810316	1
19810318	3
19810325	2
19810407	19
19810408	44
19810417	1
19810420	5
19810505	8
19810512	4
19810515	1
19810519	3
19810522	1
19810602	27
19810603	3
19810610	1
19810611	1
19810612	80
19810618	7
19810619	16
19810623	2
19810624	1
19810626	8
19810701	5
19810702	4
19810706	1
19810707	5
19810708	19
19810713	1
19810722	2
19810803	2
19810805	2
19810806	24
19810810	4
19810814	7
19810821	1
19810827	3
19810831	1
19810901	1
19810909	2
19810917	8
19810922	6
19810925	5
19810928	25
19811001	2
19811002	4
19811005	1
19811007	4
19811013	4
19811014	7
19811020	3
19811021	1
19811022	8
19811023	1
19811026	1
19811027	29
19811103	1
19811110	12
19811118	4
19811201	16
19811214	4
19811221	1
19811222	7
19811229	8
19820103	17
19820108	4
19820128	1
19820201	29
19820208	2
19820218	2
19820223	1
19820225	6
19820301	3
19820302	12
19820308	13
19820309	2
19820312	6
19820330	14
19820405	31
19820406	2
19820412	2
19820414	13
19820419	1
19820421	3
19820423	1
19820427	1
19820428	12
19820504	2
19820512	5
19820517	18
19820527	3
19820608	14
19820609	6
19820615	67
19820618	1
19820701	1
19820702	2
19820706	3
19820723	5
19820728	1
19820729	2
19820806	11
19820824	1
19820825	1
19820910	10
19820914	6
19820916	2
19820920	1
19820922	2
19820924	5
19820928	1
19821007	15
19821012	15
19821013	1
19821015	16
19821018	2
19821026	1
19821028	10
19821101	6
19821102	2
19821109	4
19821116	106
19821117	3
19821118	4
19821201	5
19821206	10
19821207	3
19821209	3
19821213	22
19821217	14
19821221	2
19821228	7
19830101	5
19830117	51
19830118	3
19830119	2
19830201	4
19830203	6
19830208	3
19830209	8
19830223	4
19830224	9
19830228	31
19830301	4
19830302	1
19830304	5
19830311	23
19830314	16
19830317	14
19830322	5
19830406	12
19830427	9
19830502	4
19830504	2
19830505	1
19830509	6
19830510	12
19830513	5
19830516	2
19830518	9
19830523	2
19830525	2
19830531	2
19830608	2
19830705	5
19830707	9
19830708	10
19830711	2
19830712	1
19830714	1
19830729	1
19830803	6
19830805	2
19830810	4
19830815	6
19830819	3
19830824	2
19830826	1
19830830	20
19830902	5
19830906	11
19830907	1
19830909	5
19831003	1
19831012	7
19831013	19
19831019	1
19831021	9
19831024	4
19831026	5
19831031	1
19831107	1
19831108	1
19831109	8
19831121	12
19831122	10
19831201	1
19831207	20
19831208	7
19831209	2
19831213	3
19831220	6
19831222	1
19840111	18
19840112	32
19840117	20
19840118	10
19840119	1
19840213	3
19840214	2
19840215	1
19840221	4
19840222	38
19840224	13
19840228	2
19840309	1
19840312	1
19840322	12
19840323	34
19840326	8
19840327	1
19840329	1
19840404	27
19840405	1
19840410	9
19840411	13
19840419	6
19840427	8
19840508	12
19840514	1
19840515	4
19840517	16
19840518	5
19840522	5
19840524	3
19840529	8
19840601	9
19840605	5
19840606	1
19840611	4
19840619	3
19840620	10
19840622	2
19840628	1
19840703	1
19840709	2
19840710	13
19840731	1
19840801	1
19840803	5
19840806	2
19840807	1
19840808	1
19840809	1
19840814	5
19840816	11
19840827	1
19840904	2
19840910	7
19840911	7
19840912	6
19840913	10
19841002	18
19841003	2
19841009	58
19841010	14
19841011	5
19841016	17
19841101	1
19841107	6
19841113	9
19841114	1
19841120	6
19841126	8
19841127	27
19841129	2
19841203	3
19841204	1
19841205	2
19841210	8
19841219	1
19841220	3
19841221	4
19841226	3
19850107	13
19850108	4
19850111	1
19850114	1
19850118	19
19850124	6
19850131	1
19850205	4
19850208	1
19850212	9
19850213	6
19850215	1
19850222	5
19850226	1
19850228	1
19850301	2
19850311	13
19850320	2
19850321	3
19850401	9
19850403	1
19850412	6
19850416	45
19850417	4
19850418	2
19850429	27
19850501	24
19850506	2
19850513	20
19850514	9
19850521	10
19850522	2
19850523	1
19850531	25
19850606	4
19850611	1
19850613	3
19850618	21
19850624	1
19850625	2
19850626	1
19850628	3
19850701	1
19850703	5
19850709	5
19850716	1
19850718	2
19850722	1
19850724	4
19850726	2
19850801	3
19850808	8
19850814	4
19850820	4
19850830	1
19850904	16
19850909	1
19850911	5
19850924	7
19850926	3
19850930	2
19851001	1
19851003	6
19851007	5
19851010	1
19851015	2
19851016	5
19851017	4
19851018	14
19851021	4
19851023	1
19851029	5
19851104	7
19851105	1
19851108	2
19851113	5
19851126	4
19851202	5
19851203	2
19851204	16
19851209	5
19851220	1
19851223	27
19851226	1
19860106	5
19860107	2
19860109	2
19860110	16
19860114	23
19860117	5
19860128	3
19860131	4
19860207	3
19860210	4
19860211	19
19860213	3
19860226	46
19860303	10
19860306	1
19860310	4
19860311	13
19860314	2
19860317	1
19860321	6
19860325	1
19860326	3
19860331	4
19860401	2
19860402	1
19860416	1
19860424	30
19860430	2
19860501	21
19860512	6
19860515	3
19860519	4
19860527	6
19860528	1
19860529	1
19860605	2
19860606	4
19860610	1
19860612	2
19860613	1
19860616	1
19860617	1
19860618	1
19860620	12
19860623	5
19860624	2
19860701	23
19860707	8
19860709	2
19860718	7
19860722	11
19860729	5
19860731	1
19860805	3
19860808	10
19860813	2
19860814	26
19860825	1
19860826	7
19860827	8
19860828	6
19860829	3
19860902	7
19860904	3
19860909	1
19860910	7
19860915	2
19860919	14
19860924	2
19860925	2
19860930	40
19861002	2
19861007	1
19861010	2
19861020	3
19861021	4
19861022	5
19861027	1
19861029	3
19861110	5
19861114	1
19861118	1
19861119	2
19861121	2
19861201	3
19861205	4
19861207	20
19861210	6
19861212	2
19861217	2
19861218	1
19861222	9
19861230	13
19870102	2
19870103	1
19870113	15
19870120	12
19870127	3
19870202	13
19870205	1
19870210	7
19870211	1
19870212	1
19870213	4
19870220	1
19870302	18
19870303	1
19870305	3
19870309	2
19870313	1
19870316	5
19870320	4
19870323	2
19870325	14
19870330	13
19870401	5
19870403	1
19870408	10
19870409	14
19870414	3
19870420	1
19870421	1
19870422	5
19870427	1
19870429	1
19870430	8
19870501	3
19870505	1
19870506	1
19870511	8
19870514	1
19870515	1
19870518	3
19870519	24
19870520	2
19870521	13
19870526	5
19870527	2
19870529	10
19870601	10
19870602	1
19870605	1
19870609	15
19870610	7
19870611	6
19870612	3
19870615	1
19870617	2
19870623	8
19870624	1
19870626	3
19870630	3
19870702	1
19870713	4
19870715	9
19870716	12
19870720	5
19870722	10
19870728	2
19870803	12
19870805	2
19870806	1
19870807	1
19870811	1
19870817	47
19870818	4
19870819	1
19870903	5
19870904	1
19870909	25
19870915	17
19870916	1
19870917	4
19870918	1
19870922	1
19870925	1
19871001	7
19871008	3
19871015	2
19871026	4
19871030	2
19871101	2
19871102	1
19871103	7
19871104	13
19871109	7
19871117	44
19871123	30
19871125	2
19871201	5
19871204	1
19871207	3
19871208	2
19871211	3
19871214	1
19871218	6
19871223	1
19871229	1
19880102	1
19880104	1
19880107	6
19880111	28
19880112	1
19880113	2
19880125	2
19880126	3
19880127	2
19880128	2
19880129	2
19880201	1
19880208	18
19880209	6
19880216	6
19880219	3
19880222	2
19880229	2
19880303	1
19880304	2
19880310	2
19880315	1
19880316	2
19880318	7
19880321	1
19880323	3
19880325	5
19880328	8
19880401	12
19880404	1
19880405	3
19880406	7
19880408	5
19880411	6
19880412	12
19880413	6
19880414	6
19880419	8
19880420	5
19880422	4
19880425	2
19880426	1
19880429	1
19880503	2
19880509	4
19880512	1
19880513	14
19880517	1
19880518	8
19880524	3
19880526	2
19880531	6
19880601	6
19880603	3
19880607	1
19880609	6
19880614	1
19880615	4
19880617	12
19880622	3
19880624	6
19880628	7
19880630	1
19880701	48
19880708	1
19880714	8
19880719	4
19880721	10
19880722	4
19880725	8
19880801	1
19880804	3
19880808	1
19880811	2
19880816	17
19880818	1
19880822	9
19880829	3
19880901	26
19880902	3
19880908	2
19880909	3
19880912	1
19880919	4
19880923	13
19881004	2
19881011	13
19881018	25
19881019	8
19881024	1
19881028	1
19881101	1
19881108	2
19881117	1
19881118	10
19881125	1
19881129	8
19881130	2
19881201	13
19881206	12
19881212	2
19881213	5
19881219	5
19881220	2
19890102	2
19890103	1
19890104	2
19890107	1
19890117	6
19890118	4
19890119	2
19890130	3
19890131	2
19890202	3
19890206	7
19890213	2
19890217	6
19890227	4
19890302	2
19890303	1
19890306	7
19890308	4
19890310	2
19890317	1
19890320	3
19890321	3
19890322	4
19890323	2
19890405	49
19890407	4
19890413	21
19890425	14
19890426	12
19890504	1
19890508	14
19890509	2
19890519	25
19890530	3
19890605	11
19890609	43
19890619	9
19890621	2
19890623	1
19890628	3
19890714	3
19890717	1
19890718	4
19890719	1
19890722	16
19890723	18
19890724	7
19890725	54
19890726	10
19890727	1
19890731	1
19890802	16
19890803	5
19890804	3
19890807	6
19890808	2
19890810	5
19890813	1
19890815	4
19890821	2
19890823	5
19890825	16
19890828	3
19890908	4
19890911	4
19890914	7
19890921	3
19890925	14
19890926	7
19890928	2
19891002	1
19891003	1
19891004	22
19891011	5
19891016	3
19891018	3
19891019	4
19891020	2
19891025	8
19891026	4
19891101	17
19891103	1
19891106	3
19891107	1
19891116	8
19891117	29
19891121	17
19891128	6
19891129	13
19891130	5
19891204	2
19891205	8
19891206	1
19891211	13
19891218	2
19891220	2
19891221	2
19891226	7
19900102	17
19900104	37
19900112	15
19900116	1
19900118	2
19900122	3
19900123	3
19900124	1
19900126	4
19900130	10
19900201	2
19900206	1
19900208	7
19900212	2
19900220	1
19900222	23
19900228	22
19900301	4
19900305	5
19900306	10
19900308	2
19900312	1
19900313	2
19900314	2
19900315	11
19900320	2
19900321	2
19900326	2
19900328	3
19900330	5
19900402	4
19900404	1
19900411	4
19900412	19
19900413	2
19900416	5
19900419	2
19900420	1
19900424	9
19900430	11
19900501	2
19900509	2
19900518	3
19900521	2
19900523	20
19900524	2
19900525	33
19900529	15
19900531	13
19900601	2
19900604	19
19900614	31
19900618	6
19900619	7
19900625	34
19900626	18
19900627	1
19900702	14
19900713	12
19900718	22
19900719	10
19900725	2
19900727	25
19900730	1
19900731	22
19900801	16
19900806	2
19900809	2
19900810	2
19900815	30
19900821	1
19900822	1
19900823	2
19900828	2
19900831	9
19900904	9
19900905	12
19900918	7
19900920	1
19900928	29
19901001	33
19901009	1
19901012	1
19901018	2
19901022	1
19901025	8
19901026	21
19901029	1
19901031	12
19901101	19
19901109	2
19901123	1
19901126	6
19901127	7
19901129	22
19901206	2
19901217	1
19901226	1
19901228	3
19901231	1
19910101	1
19910104	8
19910106	4
19910107	1
19910108	1
19910111	5
19910115	10
19910119	1
19910122	14
19910124	2
19910125	3
19910208	1
19910211	2
19910213	1
19910215	3
19910219	6
19910221	1
19910225	1
19910228	21
19910304	6
19910312	1
19910313	13
19910314	32
19910315	2
19910321	2
19910326	8
19910328	20
19910410	2
19910411	23
19910412	30
19910416	14
19910418	6
19910423	9
19910425	7
19910514	2
19910515	16
19910517	1
19910520	3
19910521	1
19910524	4
19910531	12
19910605	16
19910610	20
19910611	39
19910612	10
19910613	17
19910614	22
19910618	3
19910620	37
19910621	18
19910624	1
19910627	5
19910628	1
19910701	2
19910703	1
19910705	1
19910715	2
19910716	18
19910718	9
19910719	2
19910723	4
19910724	23
19910725	2
19910731	4
19910805	4
19910806	16
19910807	2
19910808	1
19910812	1
19910813	1
19910819	1
19910821	1
19910823	12
19910826	4
19910828	5
19910903	12
19910904	15
19910909	4
19910910	10
19910913	2
19910917	2
19910920	12
19910925	14
19910927	2
19910930	13
19911001	1
19911003	1
19911004	2
19911007	6
19911015	7
19911017	20
19911021	8
19911023	3
19911027	14
19911030	26
19911104	2
19911105	1
19911106	11
19911112	13
19911114	3
19911115	2
19911120	2
19911122	8
19911126	6
19911127	2
19911202	6
19911203	2
19911206	2
19911209	1
19911213	1
19911216	6
19911217	2
19911218	8
19911224	4
19911231	3
19920106	13
19920117	1
19920123	11
19920128	18
19920207	1
19920211	2
19920214	2
19920218	25
19920226	21
19920228	1
19920303	12
19920306	9
19920310	1
19920316	18
19920317	1
19920323	3
19920325	2
19920401	3
19920402	2
19920408	7
19920410	10
19920414	19
19920415	3
19920423	6
19920424	12
19920427	1
19920429	4
19920515	2
19920518	6
19920520	17
19920522	24
19920526	2
19920528	5
19920529	22
19920601	1
19920605	1
19920609	1
19920617	2
19920622	2
19920625	4
19920626	4
19920702	7
19920707	9
19920709	4
19920710	2
19920713	4
19920717	16
19920720	117
19920721	1
19920722	14
19920731	4
19920803	5
19920805	3
19920812	2
19920817	2
19920818	1
19920819	3
19920824	15
19920825	3
19920826	40
19920828	2
19920903	6
19920904	7
19920918	1
19920921	1
19920922	4
19920925	2
19920929	22
19920930	22
19921002	1
19921005	4
19921010	1
19921014	3
19921016	6
19921020	4
19921024	10
19921030	193
19921102	11
19921103	6
19921110	8
19921112	1
19921116	2
19921127	11
19921130	8
19921201	3
19921202	1
19921211	1
19921214	2
19921221	6
19921223	4
19921230	90
19921231	2
19930101	8
19930104	2
19930107	4
19930119	5
19930122	1
19930129	10
19930201	18
19930204	83
19930205	2
19930209	1
19930223	4
19930224	4
19930226	2
19930302	35
19930309	1
19930312	25
19930316	5
19930318	2
19930323	1
19930325	14
19930326	1
19930330	4
19930331	3
19930408	5
19930413	1
19930415	7
19930420	2
19930426	8
19930427	1
19930428	48
19930429	14
19930430	28
19930511	5
19930512	1
19930513	3
19930514	2
19930517	4
19930519	1
19930521	3
19930525	3
19930526	4
19930527	31
19930604	5
19930608	2
19930614	4
19930615	4
19930622	19
19930623	7
19930707	10
19930712	12
19930715	2
19930719	1
19930722	23
19930723	4
19930726	12
19930727	7
19930802	64
19930806	1
19930812	18
19930813	1
19930820	6
19930826	4
19930830	22
19930831	20
19930901	52
19930909	2
19930913	2
19930915	20
19930916	1
19930920	15
19930921	4
19930924	9
19930927	7
19930928	6
19930929	36
19931001	6
19931005	2
19931007	17
19931013	13
19931019	2
19931025	18
19931029	6
19931101	20
19931116	10
19931117	1
19931123	5
19931129	19
19931130	5
19931201	23
19931202	7
19931204	2
19931207	11
19931208	2
19931214	34
19931215	4
19931216	12
19931230	32
19940103	7
19940109	2
19940112	1
19940114	10
19940117	2
19940121	4
19940125	2
19940126	2
19940127	4
19940131	4
19940204	12
19940209	4
19940215	3
19940216	5
19940217	19
19940223	1
19940301	17
19940303	1
19940317	6
19940321	4
19940323	1
19940324	2
19940330	1
19940331	7
19940401	21
19940405	10
19940406	1
19940411	4
19940413	29
19940416	2
19940425	7
19940429	5
19940503	25
19940506	2
19940509	33
19940511	2
19940520	25
19940523	6
19940524	3
19940609	8
19940610	2
19940620	23
19940622	10
19940623	12
19940627	1
19940628	6
19940629	14
19940701	3
19940705	3
19940708	1
19940711	9
19940712	6
19940718	4
19940719	1
19940725	1
19940726	23
19940728	11
19940804	1
19940808	2
19940809	3
19940810	3
19940815	12
19940817	26
19940818	3
19940819	1
19940825	1
19940901	35
19940914	9
19940919	6
19940920	10
19940922	2
19940929	4
19940930	3
19941001	1
19941003	4
19941004	6
19941011	2
19941017	3
19941018	15
19941025	3
19941026	1
19941027	4
19941028	26
19941031	3
19941101	3
19941102	64
19941107	4
19941108	8
19941111	4
19941114	1
19941122	15
19941123	16
19941128	10
19941129	7
19941130	3
19941201	19
19941205	1
19941212	3
19950103	16
19950118	2
19950123	5
19950124	4
19950127	1
19950201	1
19950206	21
19950209	4
19950220	1
19950221	30
19950222	27
19950223	3
19950227	9
19950228	10
19950301	35
19950302	1
19950306	3
19950318	1
19950320	3
19950322	4
19950323	33
19950327	12
19950331	7
19950403	5
19950404	2
19950405	2
19950406	10
19950411	1
19950412	1
19950417	1
19950419	19
19950428	8
19950501	9
19950502	2
19950508	2
19950509	4
19950512	4
19950515	12
19950516	12
19950518	53
19950519	29
19950522	2
19950524	144
19950531	1
19950601	11
19950605	1
19950606	1
19950612	15
19950613	10
19950614	16
19950619	1
19950626	4
19950627	9
19950628	5
19950703	1
19950705	2
19950707	13
19950720	2
19950721	7
19950727	47
19950804	1
19950809	1
19950810	33
19950811	1
19950814	4
19950818	11
19950821	34
19950828	2
19950830	26
19950831	6
19950901	8
19950907	1
19950912	27
19950914	2
19950915	3
19950920	1
19950925	10
19950926	8
19951003	5
19951004	37
19951010	14
19951011	21
19951018	11
19951020	1
19951031	3
19951101	34
19951109	23
19951110	2
19951113	16
19951116	3
19951127	1
19951129	3
19951130	17
19951205	4
19951206	1
19951207	4
19951208	1
19951214	1
19951220	2
19951221	2
19951222	9
19951228	2
19960101	4
19960102	59
19960103	1
19960116	5
19960122	24
19960123	2
19960125	35
19960130	5
19960201	16
19960205	9
19960206	2
19960209	5
19960213	22
19960214	18
19960220	1
19960221	1
19960227	5
19960228	7
19960301	2
19960304	1
19960311	1
19960312	62
19960323	42
19960327	3
19960329	35
19960403	6
19960416	1
19960417	32
19960418	4
19960419	12
19960422	34
19960424	7
19960430	3
19960501	60
19960502	5
19960503	9
19960507	12
19960508	82
19960509	92
19960513	36
19960517	6
19960521	28
19960523	2
19960530	1
19960603	9
19960604	2
19960612	1
19960613	31
19960614	4
19960617	11
19960620	10
19960621	1
19960627	8
19960701	50
19960702	1
19960708	18
19960710	20
19960711	9
19960715	10
19960716	4
19960718	19
19960723	70
19960725	61
19960726	1
19960731	3
19960808	12
19960812	1
19960815	1
19960827	9
19960828	2
19960830	9
19960903	11
19960904	5
19960910	1
19960913	15
19960916	3
19960923	14
19960925	9
19960926	4
19960927	3
19961001	23
19961015	4
19961016	9
19961017	17
19961021	4
19961022	31
19961029	3
19961030	28
19961031	5
19961101	2
19961104	6
19961105	2
19961107	8
19961108	3
19961112	7
19961114	91
19961115	1
19961126	15
19961127	37
19961202	2
19961212	2
19961216	7
19961219	36
19961220	17
19961227	6
19961230	1
19970102	6
19970108	1
19970114	2
19970115	6
19970121	4
19970127	1
19970131	1
19970203	13
19970204	29
19970205	6
19970206	10
19970213	1
19970224	2
19970226	32
19970303	26
19970320	8
19970324	23
19970325	13
19970327	13
19970401	2
19970402	1
19970403	9
19970404	2
19970408	2
19970414	1
19970415	1
19970417	37
19970418	7
19970421	31
19970425	3
19970428	4
19970501	17
19970508	15
19970512	1
19970522	1
19970523	43
19970529	41
19970605	2
19970606	3
19970611	5
19970617	20
19970623	1
19970630	4
19970717	1
19970722	4
19970729	16
19970730	8
19970731	1
19970804	3
19970806	48
19970807	13
19970813	55
19970818	1
19970819	60
19970820	15
19970821	12
19970822	9
19970828	64
19970829	8
19970903	4
19970909	1
19970911	1
19970912	9
19970916	50
19970918	1
19970922	39
19970924	22
19970925	1
19970930	6
19971003	3
19971007	1
19971008	3
19971010	11
19971021	14
19971022	4
19971028	2
19971030	10
19971107	13
19971117	2
19971118	7
19971119	2
19971120	47
19971124	15
19971125	3
19971126	4
19971128	2
19971201	1
19971203	3
19971208	6
19971209	2
19971215	2
19971216	2
19971217	2
19971218	12
19971219	10
19971230	2
19971231	5
19980105	5
19980112	22
19980113	4
19980122	6
19980126	10
19980127	5
19980204	2
19980205	1
19980210	8
19980211	3
19980217	15
19980223	1
19980224	18
19980225	40
19980227	4
19980303	12
19980304	2
19980306	12
19980312	2
19980319	24
19980325	3
19980326	9
19980327	9
19980408	31
19980409	17
19980417	2
19980428	45
19980429	3
19980430	14
19980506	7
19980507	3
19980512	6
19980513	8
19980514	9
19980518	9
19980520	33
19980522	2
19980526	2
19980527	9
19980529	8
19980602	5
19980603	37
19980605	7
19980611	18
19980612	4
19980616	12
19980617	4
19980622	11
19980630	11
19980701	4
19980708	1
19980709	12
19980715	2
19980717	70
19980720	11
19980721	10
19980722	12
19980723	2
19980724	2
19980728	2
19980729	20
19980730	1
19980731	40
19980804	210
19980806	27
19980810	10
19980811	3
19980814	2
19980817	28
19980819	2
19980825	2
19980827	2
19980828	42
19980829	5
19980831	8
19980901	180
19980902	5
19980904	6
19980908	4
19980909	6
19980914	1
19980915	3
19980917	10
19980918	3
19980921	4
19980925	26
19980929	6
19981001	4
19981002	1
19981005	1
19981006	1
19981007	24
19981008	5
19981013	15
19981015	189
19981019	2
19981020	10
19981021	1
19981029	1
19981102	8
19981103	5
19981104	12
19981105	9
19981106	1
19981109	13
19981110	5
19981117	2
19981124	9
19981125	14
19981127	2
19981130	24
19981202	47
19981203	4
19981211	5
19981214	44
19981217	9
19981218	47
19981222	2
19981223	14
19990104	9
19990111	37
19990119	13
19990120	1
19990121	34
19990127	6
19990129	1
19990201	74
19990205	10
19990208	7
19990209	1
19990211	28
19990216	21
19990218	60
19990222	1
19990223	9
19990224	1
19990225	26
19990226	7
19990301	4
19990302	1
19990304	1
19990311	1
19990312	102
19990315	8
19990316	14
19990317	32
19990323	5
19990325	33
19990326	2
19990329	8
19990331	17
19990405	6
19990412	12
19990414	2
19990415	16
19990419	4
19990420	18
19990421	8
19990422	2
19990426	7
19990427	4
19990429	41
19990430	2
19990504	3
19990506	31
19990510	63
19990512	35
19990519	3
19990520	18
19990521	1
19990524	1
19990526	8
19990527	19
19990604	2
19990607	8
19990609	3
19990610	5
19990614	6
19990616	8
19990617	4
19990623	12
19990628	2
19990629	2
19990630	39
19990701	12
19990707	1
19990709	20
19990714	13
19990716	1
19990719	62
19990721	28
19990723	16
19990726	1
19990729	15
19990803	1
19990804	6
19990805	3
19990809	5
19990810	1
19990811	4
19990812	16
19990816	2
19990817	27
19990818	12
19990824	3
19990827	3
19990830	24
19990908	2
19990913	2
19990915	4
19990917	4
19990921	2
19990922	1
19990923	3
19990928	12
19991001	12
19991006	2
19991007	1
19991009	7
19991012	2
19991015	16
19991018	9
19991019	5
19991020	8
19991025	2
19991026	15
19991027	39
19991028	3
19991029	30
19991101	21
19991102	1
19991103	1
19991104	4
19991108	9
19991109	2
19991115	3
19991118	61
19991119	3
19991123	4
19991124	2
19991126	2
19991129	10
19991130	5
19991201	4
19991202	3
19991203	2
19991207	4
19991213	9
19991214	18
19991215	41
19991217	2
19991220	2
19991222	3
19991223	3
20000110	34
20000112	11
20000114	17
20000118	16
20000120	2
20000124	13
20000131	1
20000201	5
20000202	83
20000203	4
20000204	12
20000207	2
20000210	15
20000211	2
20000214	2
20000216	3
20000217	17
20000223	2
20000228	39
20000229	4
20000302	3
20000307	2
20000309	12
20000310	9
20000313	16
20000317	6
20000320	1
20000321	1
20000322	13
20000327	2
20000328	5
20000329	9
20000331	1
20000405	2
20000407	2
20000412	3
20000413	2
20000417	7
20000418	7
20000424	2
20000427	1
20000428	19
20000501	2
20000502	30
20000503	19
20000505	22
20000508	2
20000509	2
20000510	9
20000511	3
20000515	10
20000517	6
20000519	8
20000522	10
20000523	10
20000524	4
20000530	29
20000602	6
20000605	9
20000606	1
20000607	3
20000608	6
20000609	9
20000612	20
20000615	1
20000616	46
20000619	2
20000620	1
20000629	10
20000630	16
20000703	15
20000707	5
20000710	2
20000711	6
20000712	16
20000713	1
20000717	4
20000720	19
20000721	4
20000725	2
20000727	12
20000728	1
20000807	49
20000808	10
20000809	9
20000810	5
20000811	34
20000814	21
20000821	84
20000822	73
20000823	19
20000824	19
20000825	40
20000829	12
20000830	4
20000831	2
20000901	25
20000906	9
20000907	42
20000908	6
20000911	8
20000912	5
20000913	35
20000914	13
20000918	2
20000921	13
20000922	43
20000925	13
20000926	1
20000929	1
20001002	17
20001003	3
20001004	3
20001006	7
20001009	8
20001011	6
20001012	14
20001013	1
20001016	11
20001017	3
20001018	2
20001019	19
20001024	27
20001025	2
20001026	20
20001027	27
20001030	8
20001031	14
20001103	32
20001106	3
20001107	9
20001108	24
20001110	4
20001113	4
20001115	33
20001116	25
20001120	8
20001121	1
20001122	2
20001127	36
20001128	8
20001129	55
20001204	2
20001205	10
20001206	7
20001212	6
20001213	8
20001215	26
20001218	27
20001220	7
20001221	20
20001226	24
20001227	1
20001228	18
20001229	3
20001230	3
20010102	30
20010104	6
20010105	3
20010110	1
20010111	4
20010116	11
20010117	8
20010118	3
20010122	1
20010123	1
20010124	7
20010125	2
20010126	1
20010129	1
20010201	52
20010205	14
20010206	3
20010207	20
20010209	6
20010213	10
20010214	5
20010220	40
20010221	4
20010222	24
20010223	16
20010228	105
20010301	26
20010302	1
20010305	3
20010306	1
20010307	8
20010308	21
20010309	4
20010312	25
20010313	2
20010314	6
20010315	3
20010316	12
20010319	10
20010320	2
20010321	51
20010322	27
20010323	3
20010326	6
20010327	16
20010329	8
20010330	5
20010402	8
20010404	16
20010405	10
20010406	42
20010409	23
20010410	2
20010412	8
20010413	6
20010416	1
20010417	5
20010420	1
20010423	36
20010424	58
20010426	21
20010427	7
20010430	26
20010501	4
20010502	21
20010508	4
20010510	1
20010511	1
20010514	2
20010517	27
20010518	33
20010521	1
20010522	71
20010523	14
20010524	1
20010601	40
20010604	10
20010605	66
20010606	4
20010611	10
20010612	6
20010613	1
20010614	40
20010615	3
20010618	25
20010620	3
20010621	22
20010622	11
20010625	1
20010626	54
20010627	2
20010702	27
20010703	34
20010705	5
20010706	2
20010713	18
20010716	75
20010717	21
20010718	3
20010719	47
20010720	3
20010724	6
20010725	1
20010730	15
20010731	16
20010801	72
20010802	20
20010810	6
20010816	14
20010823	34
20010826	4
20010827	29
20010828	31
20010901	2
20010904	22
20010905	9
20010910	8
20010911	8
20010912	1
20010913	2
20010917	3
20010918	40
20010921	8
20010924	5
20010925	1
20010926	5
20010927	1
20011001	11
20011004	4
20011005	8
20011009	16
20011010	14
20011011	5
20011015	3
20011016	7
20011017	16
20011025	4
20011030	1
20011031	33
20011101	4
20011102	12
20011105	18
20011107	2
20011108	1
20011114	1
20011115	24
20011126	7
20011129	3
20011130	13
20011204	14
20011205	3
20011207	7
20011211	13
20011212	13
20011213	32
20011217	11
20011219	12
20011220	1
20011221	2
20020101	1
20020102	27
20020107	30
20020109	2
20020111	36
20020114	6
20020117	1
20020118	3
20020122	6
20020123	4
20020125	2
20020126	3
20020201	2
20020204	7
20020205	2
20020206	43
20020207	6
20020208	5
20020211	13
20020214	5
20020215	34
20020219	5
20020222	1
20020226	10
20020227	15
20020228	2
20020301	4
20020304	2
20020305	3
20020308	20
20020311	13
20020312	1
20020315	3
20020318	51
20020320	6
20020321	4
20020322	13
20020325	21
20020326	26
20020327	9
20020328	2
20020401	1
20020402	8
20020403	4
20020404	2
20020405	5
20020407	1
20020408	9
20020409	5
20020410	4
20020411	15
20020415	26
20020418	25
20020422	45
20020424	24
20020501	1
20020502	1
20020509	3
20020510	10
20020514	48
20020515	5
20020516	34
20020517	2
20020520	198
20020528	1
20020529	1
20020603	24
20020605	4
20020613	21
20020614	1
20020617	3
20020620	1
20020621	4
20020625	2
20020626	10
20020628	1
20020701	4
20020702	9
20020708	2
20020711	9
20020712	4
20020715	35
20020722	43
20020723	20
20020725	3
20020726	20
20020729	3
20020801	5
20020806	16
20020808	2
20020809	11
20020814	37
20020815	80
20020816	9
20020819	5
20020820	1
20020822	3
20020828	17
20020901	1
20020904	1
20020905	80
20020906	3
20020909	2
20020910	9
20020911	9
20020912	26
20020913	1
20020916	67
20020917	16
20020920	10
20020923	17
20020925	14
20020926	44
20020927	14
20021002	6
20021004	5
20021007	1
20021008	7
20021009	2
20021015	24
20021016	1
20021017	9
20021018	2
20021022	51
20021023	10
20021030	4
20021031	17
20021106	33
20021107	21
20021109	2
20021112	1
20021113	2
20021115	2
20021118	51
20021119	17
20021121	1
20021125	6
20021126	1
20021127	13
20021202	4
20021203	48
20021206	4
20021210	8
20021212	10
20021217	1
20021218	2
20021219	23
20021220	8
20021223	4
20021230	2
20021231	3
20030103	1
20030106	6
20030107	2
20030115	2
20030116	73
20030117	4
20030122	2
20030123	1
20030127	3
20030128	7
20030130	1
20030204	3
20030205	14
20030206	2
20030211	5
20030212	48
20030213	17
20030214	3
20030220	49
20030221	6
20030224	17
20030225	31
20030226	5
20030227	2
20030304	2
20030305	55
20030306	13
20030310	3
20030311	134
20030312	1
20030313	1
20030317	16
20030318	64
20030319	6
20030320	3
20030321	24
20030325	1
20030326	54
20030328	11
20030331	31
20030401	7
20030403	29
20030404	10
20030407	3
20030409	2
20030414	7
20030415	61
20030421	2
20030422	18
20030423	3
20030424	2
20030425	2
20030429	9
20030430	63
20030501	34
20030505	7
20030506	119
20030507	3
20030508	12
20030512	54
20030513	1
20030514	1
20030515	23
20030516	9
20030519	13
20030520	1
20030521	7
20030522	8
20030528	4
20030602	5
20030603	59
20030604	5
20030606	20
20030609	7
20030611	6
20030616	16
20030618	2
20030619	17
20030620	4
20030623	4
20030626	1
20030630	2
20030701	15
20030702	1
20030703	12
20030707	1
20030709	6
20030710	5
20030714	6
20030717	19
20030719	32
20030722	1
20030724	24
20030728	6
20030729	45
20030730	7
20030731	6
20030801	18
20030805	8
20030806	15
20030807	42
20030808	1
20030812	13
20030813	19
20030814	2
20030818	4
20030821	1
20030822	4
20030825	19
20030826	5
20030828	2
20030829	12
20030901	4
20030903	5
20030904	7
20030908	1
20030910	2
20030912	7
20030915	8
20030916	9
20030923	2
20030925	4
20030929	4
20030930	5
20031001	4
20031002	1
20031003	4
20031006	13
20031007	36
20031008	74
20031010	16
20031014	3
20031015	19
20031016	27
20031020	10
20031022	4
20031023	32
20031024	62
20031027	10
20031028	5
20031029	9
20031030	7
20031031	6
20031103	8
20031104	24
20031105	74
20031106	11
20031110	3
20031114	15
20031117	1
20031119	6
20031120	6
20031121	8
20031125	1
20031126	7
20031202	1
20031203	3
20031204	5
20031205	10
20031208	1
20031210	2
20031211	52
20031215	3
20031216	7
20031217	1
20031218	23
20040105	19
20040106	7
20040108	4
20040109	6
20040113	9
20040114	15
20040115	108
20040116	4
20040121	2
20040130	12
20040202	4
20040204	47
20040205	60
20040206	16
20040207	3
20040209	9
20040210	31
20040211	10
20040212	11
20040213	13
20040217	1
20040218	6
20040220	4
20040224	13
20040226	4
20040227	37
20040228	9
20040301	9
20040302	2
20040303	31
20040304	39
20040306	2
20040309	16
20040310	7
20040315	6
20040316	17
20040322	77
20040323	12
20040325	13
20040326	5
20040329	5
20040330	1
20040331	9
20040401	4
20040405	1
20040406	10
20040409	11
20040410	2
20040412	17
20040413	1
20040414	8
20040415	4
20040416	1
20040419	4
20040420	21
20040421	32
20040422	8
20040423	1
20040426	6
20040427	5
20040429	3
20040505	2
20040506	5
20040507	10
20040510	26
20040511	39
20040512	9
20040517	3
20040519	2
20040520	6
20040521	2
20040524	4
20040526	4
20040527	27
20040528	13
20040601	1
20040602	12
20040603	28
20040604	2
20040607	17
20040608	6
20040609	14
20040610	23
20040615	17
20040616	12
20040617	3
20040622	2
20040623	5
20040624	7
20040625	3
20040629	3
20040630	44
20040701	2
20040702	5
20040706	3
20040707	5
20040708	24
20040709	2
20040712	10
20040713	18
20040714	12
20040715	7
20040716	3
20040719	5
20040720	1
20040721	10
20040722	1
20040723	17
20040726	10
20040727	2
20040729	1
20040802	13
20040803	1
20040804	9
20040805	2
20040806	12
20040809	3
20040810	2
20040811	4
20040812	12
20040813	28
20040818	18
20040819	3
20040823	2
20040824	5
20040825	5
20040826	3
20040827	5
20040830	4
20040831	21
20040901	43
20040902	1
20040903	28
20040907	7
20040908	9
20040909	6
20040913	8
20040914	2
20040915	33
20040916	12
20040917	11
20040920	5
20040921	7
20040923	39
20040924	14
20040928	3
20040929	10
20040930	10
20041001	8
20041004	28
20041007	6
20041008	1
20041012	18
20041013	30
20041014	27
20041015	28
20041018	21
20041019	3
20041021	22
20041026	2
20041028	15
20041029	1
20041101	9
20041103	60
20041104	3
20041108	3
20041110	11
20041115	1
20041116	17
20041118	12
20041119	5
20041122	19
20041123	7
20041124	72
20041126	23
20041129	2
20041201	3
20041203	14
20041206	3
20041207	9
20041209	14
20041210	11
20041215	8
20041217	6
20041220	5
20041221	16
20041222	32
20041223	31
20041227	1
20041228	3
20041229	1
20050103	3
20050106	1
20050107	24
20050110	6
20050111	44
20050112	1
20050119	2
20050124	17
20050125	4
20050126	5
20050127	6
20050128	14
20050131	2
20050201	13
20050202	7
20050203	40
20050204	9
20050207	1
20050208	42
20050209	8
20050211	1
20050214	38
20050215	12
20050216	5
20050218	3
20050222	15
20050302	11
20050303	30
20050307	12
20050308	3
20050310	8
20050311	10
20050314	7
20050315	15
20050316	8
20050317	1
20050318	20
20050322	1
20050323	3
20050324	31
20050329	16
20050330	11
20050331	35
20050401	15
20050405	3
20050406	4
20050407	12
20050411	16
20050412	3
20050414	7
20050415	32
20050420	23
20050422	41
20050425	31
20050426	30
20050427	41
20050428	40
20050429	24
20050502	13
20050505	12
20050506	10
20050509	28
20050512	6
20050513	56
20050516	2
20050517	12
20050518	6
20050519	7
20050520	12
20050525	8
20050526	27
20050527	3
20050601	3
20050602	36
20050604	4
20050606	33
20050607	9
20050609	5
20050610	33
20050614	7
20050615	4
20050616	11
20050617	8
20050620	5
20050621	25
20050624	16
20050627	1
20050628	5
20050706	5
20050707	4
20050708	12
20050711	3
20050713	3
20050714	6
20050715	3
20050718	1
20050720	28
20050722	7
20050725	24
20050726	17
20050728	26
20050729	2
20050801	37
20050803	24
20050804	39
20050811	5
20050815	10
20050816	1
20050817	4
20050818	8
20050822	6
20050824	6
20050825	3
20050826	14
20050829	50
20050830	8
20050831	14
20050906	37
20050907	30
20050908	5
20050909	1
20050913	15
20050914	2
20050916	4
20050919	6
20050920	21
20050921	5
20050922	2
20050923	65
20050927	9
20050928	8
20050929	9
20050930	5
20051004	66
20051005	61
20051006	23
20051007	9
20051010	1
20051011	10
20051012	4
20051013	2
20051014	7
20051017	2
20051018	2
20051019	10
20051021	18
20051024	4
20051025	3
20051027	11
20051028	1
20051031	1
20051102	11
20051103	7
20051107	3
20051108	1
20051109	3
20051110	3
20051114	1
20051115	15
20051116	5
20051117	11
20051118	11
20051121	6
20051122	2
20051123	1
20051128	6
20051129	16
20051130	10
20051201	1
20051206	10
20051207	26
20051208	1
20051212	5
20051213	4
20051219	12
20051220	14
20051221	21
20051222	32
20051229	2
20060103	2
20060105	4
20060110	4
20060112	5
20060113	1
20060117	7
20060118	10
20060119	1
20060123	4
20060125	5
20060126	12
20060127	4
20060131	4
20060201	50
20060202	3
20060208	27
20060209	58
20060210	3
20060214	10
20060215	1
20060216	3
20060224	3
20060228	5
20060301	1
20060302	1
20060306	3
20060307	1
20060308	36
20060313	91
20060314	16
20060315	35
20060316	5
20060317	4
20060321	48
20060323	451
20060328	2
20060329	6
20060330	18
20060403	33
20060404	3
20060405	1
20060407	6
20060410	1
20060411	6
20060412	1
20060413	5
20060414	32
20060418	46
20060420	4
20060424	36
20060425	15
20060427	79
20060428	12
20060502	1
20060503	32
20060504	34
20060505	4
20060508	35
20060510	11
20060511	10
20060512	1
20060515	13
20060516	1
20060517	3
20060518	38
20060519	4
20060522	21
20060523	26
20060524	231
20060525	13
20060526	1
20060531	3
20060602	20
20060605	27
20060606	15
20060607	5
20060608	5
20060609	2
20060612	33
20060613	170
20060614	25
20060615	1
20060619	7
20060621	27
20060622	10
20060623	27
20060626	1
20060628	7
20060629	119
20060630	10
20060703	5
20060706	33
20060707	1
20060710	4
20060711	1
20060712	3
20060713	27
20060714	6
20060717	246
20060719	24
20060725	2
20060726	57
20060727	17
20060728	4
20060801	18
20060802	63
20060803	28
20060804	1
20060808	11
20060809	4
20060811	10
20060816	8
20060822	4
20060825	1
20060828	6
20060831	5
20060901	12
20060907	19
20060911	13
20060912	19
20060913	25
20060914	2
20060915	9
20060919	2
20060920	25
20060921	10
20060925	3
20060928	3
20060929	7
20061003	10
20061004	101
20061005	9
20061011	13
20061012	24
20061013	8
20061017	11
20061018	4
20061019	1
20061024	3
20061025	6
20061026	13
20061027	4
20061031	37
20061101	63
20061102	31
20061103	8
20061106	5
20061107	3
20061108	3
20061109	14
20061114	3
20061115	24
20061117	8
20061120	54
20061121	61
20061127	15
20061128	4
20061129	11
20061130	35
20061204	7
20061206	2
20061207	17
20061208	1
20061212	1
20061215	3
20061218	6
20061219	58
20061220	2
20061221	35
20061222	2
20061226	11
20061228	24
20061229	35
20070104	7
20070116	22
20070117	2
20070118	38
20070119	9
20070123	1
20070124	7
20070126	1
20070129	26
20070130	17
20070201	18
20070205	37
20070206	37
20070208	3
20070209	2
20070212	38
20070213	6
20070214	18
20070215	8
20070216	9
20070221	2
20070222	5
20070223	24
20070226	25
20070227	54
20070301	10
20070302	6
20070305	142
20070306	20
20070307	3
20070308	5
20070309	27
20070312	160
20070313	12
20070314	56
20070315	13
20070316	29
20070319	17
20070320	18
20070321	48
20070322	80
20070323	76
20070326	4
20070327	40
20070328	29
20070330	1
20070403	1
20070404	2
20070410	32
20070416	1
20070417	2
20070418	14
20070423	12
20070424	29
20070425	2
20070426	2
20070427	8
20070501	5
20070502	12
20070503	7
20070504	6
20070507	6
20070508	8
20070509	5
20070510	18
20070515	6
20070516	2
20070517	22
20070518	4
20070521	3
20070522	2
20070523	1
20070525	1
20070601	10
20070604	16
20070605	12
20070606	14
20070607	25
20070608	15
20070611	3
20070612	2
20070613	20
20070614	8
20070617	4
20070621	5
20070622	8
20070625	5
20070626	54
20070627	30
20070628	14
20070629	11
20070702	2
20070703	35
20070705	21
20070706	6
20070710	10
20070711	1
20070713	13
20070715	5
20070716	129
20070717	5
20070718	48
20070720	19
20070724	36
20070725	28
20070726	44
20070730	2
20070731	2
20070801	6
20070802	24
20070803	91
20070807	8
20070808	91
20070809	2
20070810	1
20070815	18
20070816	5
20070817	18
20070820	7
20070822	18
20070824	1
20070827	246
20070828	29
20070829	105
20070830	10
20070831	5
20070904	12
20070905	22
20070906	41
20070907	2
20070910	13
20070911	2
20070912	9
20070913	246
20070914	11
20070918	8
20070919	1
20070920	7
20070921	2
20070924	1
20070925	27
20070926	13
20070927	20
20070928	4
20071002	22
20071004	17
20071005	6
20071009	1
20071010	23
20071011	1
20071012	5
20071016	15
20071017	16
20071018	4
20071022	1
20071023	8
20071024	816
20071025	9
20071026	1
20071029	1
20071101	20
20071102	4
20071105	11
20071106	16
20071107	22
20071108	3
20071114	1
20071119	46
20071120	7
20071127	6
20071128	25
20071129	48
20071130	9
20071203	2
20071204	2
20071205	49
20071207	2
20071211	13
20071212	126
20071213	10
20071214	33
20071215	14
20071217	4
20071218	31
20071219	117
20071220	46
20071221	41
20071227	1
20071228	4
20080102	2
20080104	4
20080108	21
20080109	32
20080110	17
20080111	8
20080114	8
20080115	8
20080116	1
20080123	2
20080124	58
20080125	1
20080128	20
20080129	7
20080130	4
20080131	3
20080201	27
20080204	73
20080205	41
20080206	41
20080207	27
20080208	8
20080214	12
20080215	5
20080220	9
20080221	8
20080222	16
20080225	2
20080226	53
20080227	123
20080228	2
20080229	20
20080304	15
20080306	52
20080307	8
20080310	37
20080311	71
20080312	15
20080313	15
20080314	4
20080317	17
20080318	10
20080319	5
20080320	3
20080321	20
20080324	26
20080325	51
20080326	39
20080327	4
20080328	38
20080331	1
20080401	7
20080402	4
20080403	7
20080404	3
20080407	1
20080408	2
20080409	17
20080410	21
20080411	1
20080414	20
20080415	12
20080416	8
20080417	148
20080418	6
20080423	2
20080424	19
20080425	26
20080428	1
20080430	2
20080501	3
20080506	9
20080508	3
20080509	1
20080513	1
20080514	5
20080515	33
20080520	32
20080522	15
20080528	12
20080529	2
20080603	16
20080604	5
20080605	108
20080606	96
20080610	11
20080612	5
20080613	2
20080616	1
20080617	9
20080618	9
20080619	2
20080620	22
20080626	11
20080627	9
20080630	8
20080701	12
20080702	10
20080703	38
20080707	8
20080708	36
20080709	11
20080711	23
20080714	11
20080715	7
20080716	2
20080717	59
20080718	4
20080721	6
20080723	7
20080724	64
20080725	6
20080729	62
20080730	36
20080731	86
20080801	11
20080804	25
20080806	12
20080807	11
20080808	14
20080811	21
20080812	44
20080814	307
20080815	2
20080819	12
20080820	3
20080821	62
20080822	4
20080825	29
20080826	8
20080827	8
20080828	38
20080829	8
20080903	4
20080904	2
20080905	7
20080908	6
20080909	7
20080910	9
20080911	2
20080915	9
20080918	2
20080922	24
20080924	36
20080925	44
20080926	10
20080929	8
20080930	15
20081002	1
20081003	3
20081006	25
20081007	28
20081008	21
20081009	8
20081010	12
20081014	3
20081015	27
20081017	51
20081020	21
20081022	13
20081023	18
20081024	32
20081030	2
20081031	4
20081103	24
20081104	12
20081105	5
20081106	9
20081107	7
20081112	12
20081113	4
20081114	19
20081117	11
20081118	10
20081119	28
20081121	30
20081124	9
20081125	20
20081126	17
20081201	35
20081202	33
20081203	18
20081204	19
20081205	8
20081208	6
20081209	17
20081210	9
20081212	11
20081215	26
20081216	20
20081217	3
20081218	13
20081219	1
20081222	9
20081223	5
20081224	6
20081229	5
20090108	2
20090109	8
20090112	2
20090113	16
20090114	4
20090115	9
20090116	26
20090121	10
20090122	11
20090126	8
20090127	8
20090129	3
20090130	6
20090203	5
20090204	56
20090205	10
20090206	4
20090210	36
20090211	14
20090212	1
20090217	87
20090218	6
20090220	9
20090221	9
20090223	15
20090303	2
20090304	1
20090306	11
20090309	2
20090310	1
20090311	2
20090312	9
20090313	17
20090315	6
20090318	26
20090319	1
20090320	6
20090323	20
20090324	3
20090325	4
20090327	13
20090330	8
20090331	18
20090401	7
20090402	26
20090407	625
20090408	34
20090409	14
20090410	1
20090415	19
20090416	22
20090417	29
20090421	1
20090423	12
20090424	2
20090427	4
20090428	8
20090429	7
20090430	44
20090501	2
20090504	3
20090505	13
20090506	12
20090507	12
20090508	1
20090511	339
20090514	8
20090515	1
20090518	6
20090519	19
20090520	7
20090521	35
20090526	3
20090527	31
20090528	1
20090529	1
20090601	11
20090602	3
20090605	9
20090608	18
20090609	11
20090610	23
20090611	30
20090612	28
20090615	55
20090616	21
20090617	4
20090619	19
20090623	3
20090624	2
20090625	9
20090626	2
20090629	24
20090630	34
20090701	7
20090702	2
20090703	6
20090706	20
20090707	28
20090708	17
20090709	8
20090710	11
20090714	8
20090715	3
20090716	3
20090717	18
20090721	5
20090722	1
20090723	7
20090724	2
20090727	2
20090728	16
20090729	56
20090730	5
20090807	12
20090810	5
20090811	7
20090812	17
20090813	22
20090818	4
20090819	1
20090820	3
20090825	6
20090827	2
20090828	7
20090831	17
20090901	6
20090902	18
20090903	21
20090909	2
20090911	6
20090915	4
20090916	24
20090917	1
20090924	1
20090925	64
20090928	59
20090929	9
20090930	7
20091001	6
20091002	9
20091005	37
20091006	21
20091007	5
20091009	3
20091013	172
20091014	24
20091015	7
20091016	4
20091019	34
20091020	21
20091027	17
20091029	19
20091030	52
20091102	30
20091103	18
20091105	2
20091106	13
20091109	3
20091113	17
20091116	25
20091117	10
20091118	26
20091119	22
20091120	5
20091124	12
20091125	1
20091201	66
20091202	2
20091203	1
20091210	1
20091211	8
20091214	2
20091215	4
20091217	44
20091218	6
20091223	12
20091229	4
20091230	9
20100104	3
20100106	2
20100108	8
20100111	14
20100121	54
20100126	1
20100127	9
20100128	9
20100129	2
20100201	3
20100202	2
20100203	200
20100204	7
20100211	48
20100217	2
20100218	10
20100219	1
20100221	5
20100222	2
20100223	8
20100225	24
20100302	9
20100303	18
20100304	6
20100305	6
20100309	63
20100310	4
20100311	6
20100312	6
20100316	15
20100317	1
20100318	3
20100319	16
20100322	13
20100324	22
20100325	36
20100401	1
20100402	12
20100405	1
20100406	47
20100408	4
20100412	32
20100413	46
20100415	25
20100420	31
20100421	19
20100423	52
20100427	7
20100430	42
20100503	27
20100504	4
20100505	1
20100507	34
20100510	30
20100511	24
20100513	45
20100514	4
20100518	4
20100519	4
20100521	12
20100524	6
20100525	1
20100526	4
20100527	11
20100601	5
20100602	2
20100603	13
20100604	53
20100607	20
20100608	9
20100609	3
20100610	3
20100614	28
20100615	28
20100616	11
20100617	4
20100618	6
20100621	9
20100623	1
20100624	12
20100625	3
20100628	16
20100629	12
20100630	59
20100702	42
20100705	2
20100706	14
20100707	4
20100708	31
20100709	5
20100712	4
20100713	9
20100720	1
20100722	25
20100726	1
20100727	89
20100728	4
20100729	11
20100730	34
20100802	23
20100803	6
20100804	5
20100805	7
20100809	1
20100810	36
20100812	10
20100813	25
20100818	1
20100820	10
20100823	13
20100826	14
20100830	3
20100831	6
20100901	7
20100902	1
20100903	31
20100907	14
20100909	10
20100910	11
20100913	2
20100914	11
20100915	9
20100916	8
20100917	7
20100921	8
20100922	67
20100923	49
20100924	63
20100927	4
20100928	3
20100929	8
20100930	9
20101001	9
20101004	7
20101006	17
20101008	7
20101012	32
20101013	48
20101014	19
20101015	4
20101018	30
20101019	4
20101021	3
20101022	36
20101025	19
20101027	14
20101028	12
20101029	23
20101101	3
20101102	18
20101103	19
20101104	2
20101105	5
20101108	116
20101109	14
20101110	1
20101112	22
20101115	19
20101116	29
20101117	25
20101118	2
20101119	20
20101122	10
20101124	18
20101201	15
20101202	29
20101203	31
20101206	38
20101207	10
20101208	32
20101209	33
20101210	5
20101213	3
20101214	17
20101215	2
20101216	7
20101217	4
20101220	2
20101221	54
20101222	20
20101227	56
20101228	2
20101229	19
20110104	1
20110105	7
20110110	2
20110111	14
20110112	7
20110113	16
20110118	4
20110120	4
20110121	4
20110124	8
20110125	24
20110126	6
20110127	5
20110128	4
20110131	41
20110201	4
20110202	8
20110203	6
20110204	12
20110208	8
20110209	3
20110210	55
20110211	70
20110214	18
20110215	9
20110216	3
20110217	38
20110222	2
20110223	125
20110224	79
20110225	16
20110301	23
20110303	3
20110304	64
20110307	21
20110308	6
20110309	3
20110310	10
20110311	5
20110314	4
20110315	36
20110316	19
20110317	1
20110318	1
20110321	5
20110324	24
20110325	2
20110329	19
20110330	8
20110331	64
20110401	14
20110404	3
20110406	65
20110411	28
20110412	79
20110413	10
20110414	110
20110418	1
20110420	25
20110421	8
20110422	4
20110425	8
20110426	4
20110428	44
20110429	20
20110503	14
20110505	10
20110506	8
20110510	4
20110512	10
20110516	7
20110518	20
20110519	4
20110523	33
20110525	6
20110527	16
20110601	5
20110603	1
20110606	14
20110608	2
20110609	51
20110614	4
20110616	4
20110621	28
20110622	6
20110623	1
20110624	14
20110627	5
20110628	3
20110629	43
20110630	2
20110706	5
20110708	1
20110711	25
20110713	108
20110718	3
20110719	8
20110720	2
20110721	14
20110722	3
20110725	1
20110726	79
20110727	29
20110729	13
20110801	6
20110802	30
20110803	9
20110804	17
20110805	6
20110809	7
20110810	1
20110811	13
20110812	10
20110815	6
20110816	4
20110817	6
20110818	38
20110822	18
20110823	3
20110826	4
20110830	15
20110831	2
20110902	1
20110906	42
20110907	10
20110908	49
20110909	3
20110912	3
20110913	4
20110914	2
20110915	28
20110916	41
20110919	4
20110920	4
20110921	7
20110922	1
20110923	17
20110928	3
20110929	7
20111003	4
20111005	6
20111006	11
20111013	32
20111014	18
20111018	31
20111020	58
20111024	6
20111025	50
20111026	45
20111027	10
20111028	5
20111101	2
20111102	34
20111104	2
20111107	17
20111108	17
20111109	15
20111110	13
20111115	5
20111117	26
20111118	19
20111122	4
20111130	11
20111201	28
20111202	6
20111206	33
20111208	40
20111212	13
20111213	5
20111214	58
20111219	2
20111220	2
20111221	2
20111223	5
20111227	1
20111228	16
20111229	6
20120103	8
20120104	1
20120105	10
20120106	10
20120109	12
20120110	39
20120112	4
20120113	54
20120117	5
20120120	2
20120123	1
20120124	4
20120125	3
20120126	1
20120127	3
20120130	46
20120201	29
20120202	2
20120203	13
20120205	6
20120207	8
20120208	11
20120209	8
20120213	3
20120214	2
20120215	8
20120216	42
20120217	6
20120222	2
20120223	6
20120224	12
20120227	5
20120228	72
20120229	13
20120302	2
20120305	7
20120307	18
20120308	11
20120313	4
20120314	2
20120315	13
20120319	6
20120320	18
20120322	20
20120323	6
20120326	15
20120327	4
20120330	8
20120402	8
20120403	4
20120404	4
20120405	10
20120409	16
20120410	4
20120411	1
20120412	19
20120417	4
20120418	18
20120419	1
20120424	14
20120425	2
20120426	2
20120427	40
20120430	1
20120501	6
20120502	10
20120503	27
20120504	32
20120508	5
20120510	5
20120511	4
20120514	2
20120515	27
20120516	1
20120517	2
20120518	3
20120521	43
20120522	5
20120524	4
20120525	1
20120530	17
20120531	12
20120601	2
20120604	4
20120606	10
20120607	8
20120608	22
20120611	18
20120612	7
20120613	3
20120614	4
20120615	9
20120619	5
20120620	15
20120621	15
20120622	26
20120625	4
20120626	32
20120628	37
20120629	26
20120702	29
20120703	12
20120705	6
20120706	4
20120709	21
20120710	4
20120711	1
20120713	12
20120717	2
20120718	2
20120719	80
20120720	16
20120724	1
20120725	9
20120726	40
20120727	19
20120730	3
20120731	3
20120802	18
20120803	15
20120806	1
20120807	38
20120808	39
20120809	7
20120810	28
20120813	5
20120814	16
20120815	6
20120816	59
20120817	1
20120820	11
20120821	5
20120822	1
20120828	13
20120829	7
20120830	7
20120831	2
20120904	6
20120905	10
20120906	10
20120911	26
20120912	12
20120913	12
20120914	2
20120917	2
20120918	34
20120919	22
20120920	2
20120924	8
20120925	13
20120928	4
20121001	1
20121002	8
20121003	16
20121004	1
20121005	15
20121009	8
20121010	24
20121011	4
20121012	1
20121015	8
20121016	3
20121018	5
20121019	8
20121022	31
20121023	9
20121024	17
20121025	2
20121026	17
20121102	3
20121105	6
20121106	1
20121108	14
20121114	30
20121115	7
20121119	4
20121123	8
20121126	1
20121127	12
20121128	1
20121129	1
20121203	51
20121204	3
20121206	19
20121207	1
20121210	3
20121211	49
20121212	44
20121213	48
20121214	1
20121217	1
20121218	37
20121219	6
20121220	7
20121227	5
20121228	2
20130102	26
20130114	27
20130115	6
20130116	113
20130118	8
20130121	12
20130122	10
20130124	4
20130125	5
20130129	7
20130130	38
20130131	1
20130201	7
20130205	8
20130206	23
20130208	2
20130211	31
20130213	23
20130215	1
20130219	8
20130222	2
20130225	7
20130226	18
20130227	1
20130228	67
20130304	8
20130305	2
20130307	14
20130308	10
20130311	7
20130313	13
20130314	2
20130315	12
20130318	17
20130319	6
20130321	19
20130322	1
20130325	6
20130327	3
20130328	11
20130329	1
20130401	142
20130403	14
20130409	76
20130410	2
20130411	49
20130412	7
20130415	6
20130416	10
20130417	3
20130422	6
20130423	40
20130424	25
20130426	20
20130429	22
20130430	11
20130501	11
20130502	5
20130506	7
20130507	29
20130508	3
20130510	21
20130513	13
20130514	2
20130515	23
20130516	1
20130517	6
20130520	1
20130521	1
20130522	17
20130528	40
20130529	29
20130530	10
20130531	9
20130603	20
20130604	22
20130605	5
20130606	5
20130610	3
20130611	4
20130612	2
20130613	26
20130618	5
20130619	14
20130621	9
20130624	3
20130625	2
20130626	113
20130627	34
20130628	45
20130701	6
20130702	29
20130703	1
20130705	32
20130708	5
20130709	5
20130710	1
20130715	2
20130716	13
20130717	6
20130718	32
20130719	18
20130722	10
20130723	7
20130730	4
20130801	12
20130802	5
20130805	15
20130806	25
20130807	9
20130809	3
20130812	36
20130813	10
20130814	9
20130815	57
20130816	3
20130820	25
20130821	6
20130822	4
20130823	7
20130826	5
20130827	33
20130828	10
20130829	22
20130830	2
20130903	21
20130904	21
20130905	16
20130910	1
20130917	5
20130918	80
20130919	8
20130923	2
20130925	13
20130926	11
20130927	40
20130929	3
20130930	76
20131017	57
20131018	13
20131021	76
20131022	27
20131023	55
20131024	74
20131025	2
20131028	6
20131029	4
20131030	8
20131031	90
20131101	26
20131104	29
20131106	124
20131107	104
20131108	15
20131112	12
20131113	14
20131114	3
20131115	5
20131118	33
20131119	4
20131121	18
20131122	6
20131125	2
20131126	49
20131202	94
20131204	3
20131205	22
20131206	4
20131209	12
20131211	4
20131212	1
20131218	6
20131219	2
20131220	100
20131224	43
20131226	15
20131230	26
20131231	60
20140103	108
20140106	2
20140108	24
20140113	7
20140114	4
20140115	4
20140116	29
20140123	1
20140124	41
20140127	7
20140128	39
20140129	1
20140130	9
20140131	19
20140204	1
20140205	20
20140206	3
20140210	17
20140211	70
20140212	20
20140214	2
20140220	10
20140221	16
20140225	8
20140226	9
20140227	10
20140228	47
20140304	29
20140305	43
20140306	22
20140307	49
20140310	23
20140311	10
20140312	2
20140313	3
20140314	11
20140317	32
20140318	10
20140319	28
20140320	6
20140324	2
20140325	12
20140326	4
20140327	31
20140328	17
20140331	39
20140401	83
20140402	8
20140403	4
20140404	8
20140407	199
20140408	128
20140409	33
20140410	74
20140414	4
20140415	3
20140416	15
20140417	4
20140418	15
20140422	4
20140423	7
20140424	1
20140425	11
20140428	6
20140429	9
20140430	88
20140501	2
20140505	4
20140506	1
20140507	22
20140508	8
20140509	40
20140513	4
20140514	27
20140515	101
20140516	3
20140519	10
20140520	22
20140522	4
20140523	9
20140529	13
20140530	21
20140605	10
ABC ENGINEERING	12
ACCUBUILT	2
ADCO PRODUCTS	1
ADVANCE MIXER	3
ADVANCED FUEL COMPONENTS	2
ADVICS NORTH AMERICA	1
ALFA LEISURE	2
ALFA ROMEO	24
ALLOY CUSTOM PRODUCTS INC	3
AM GENERAL LLC	2
AMERICAN GARELLI EAST	2
AMERICAN IKARUS	2
AMERICAN LAFRANCE LLC	3
AMERICAN REMANUFACTURERS	1
AMERICAN SUPERLITE	1
AMERICAN TRAILERS	1
APRILIA USA	3
ARROW AUTOMOTIVE IND.	2
ASPEN CUSTOM TRAILERS	15
AURORA TIRES	1
AUSCO PRODUCTS	2
AUTO METER PRODUCTS	12
Airstream	32
Almared	2
Altec Industries Inc.	17
Aston Martin Lagonda of North America	4
Autocar	44
Autocar Industries	3
Automobili Lamborghini	3
B. FOSTER & COMPANY	2
BAKER BOAT TRAILERS	1
BEALL TRAILERS OF MONTANA	3
BEAVER COACHES	2
BENDIX HOME SYSTEMS	1
BENNETT TRUCK EQUIP.	1
BENSON INTERNATIONAL	1
BENSON MANUFACTURING	2
BENTLEY MOTORS LTD	22
BERLINER MOTOR CORP.	3
BIG DOG MOTORCYCLES	11
BIRMINGHAM MFG. CO.	1
BMW of North America	209
BRENNER TANK	8
Bentley Motors	3
Blue Bird Body Company	13
Brake Parts Inc.	7
C&C TRAILERS	1
CARDONE INDUSTRIES	4
CARPENTER BDY WRKS	4
CARPENTER INDUSTRIES	9
CFMOTO POWERSPORTS	10
CHANCE COACH	32
CHINADA INDUSTRIES	1
CHRYSLER GROUP GLOBAL ELECTRIC MOTORCARS	3
CIRCOR Aerospace	1
CLARCOR	8
CLARK TRAILER SERVICE	3
CLEAN AIR POWER	1
COACHMEN INDUSTRIES	6
COACHMEN RV COMPANY	46
COBRA INDUSTRIES	1
COMANCHE MANUFACTURING	1
CONSOLIDATED METCO	1
CONSTRUCTION TRAILER SPECIALISTS	4
CONSTRUCTORS RACING GROUP	2
CRAGAR INDUSTRIES	1
Caterpillar Inc.	1
Champion Bus	10
Chrysler Group LLC	249
Contract Manufacturer	2
Cottrell	2
Cummins Inc.	2
DAIHATSU AMERICA	4
DAIMLER COMMERCIAL BUSES NA	27
DAKOTA MANUFACTURING CO.	1
DANA CORPORATION	2
DETOMASO OF AMERICA	1
DEXTER AXLE	2
DIAMOND REO TRUCKS	14
DIRECT LINE	1
DIV. OF SIERRA	1
DORSEY CORPORATION	6
DURA AUTOMOTIVE SYSTEMS	6
DYNEER	1
Daimler Buses North America	4
Daimler Trucks North America LLC	3
Ducati North America	9
Dutchmen Manufacturing	39
E-One Incorporated	6
EAGLE TRAILERS INC	2
EATON	3
EDO CANADA LTD.	1
EQUISTAR CHEMICALS	1
EXCEL	1
EXECUTIVE IND.	2
EZ Loader Adjustable Boat Trailers	1
Eldorado National- California	46
Eldorado National- Kansas	3
Elite Trailer Manufacturing	1
FERODO AMERICA	1
FERRARI NORTH AMERICA INC	3
FIAT MOTORS OF N.A.	3
FIBA TECHNOLOGIES	1
FLEETWOOD ENTERPRISES	159
FOREIGN PARTS DISTRIBUTORS	1
FORETRAVEL	18
FORT WORTH FABRICATION	7
FREIGHTLINER LLC	1
FRUEHAUF CORPORATION	1
Featherlite	10
Ferrara Fire Apparatus	4
Ford Motor Company	75
Forest River	23
GENERAL COACH AMERICA	5
GENERAL ENGINES COMPANY	1
GENERAL TIRE & RUBBER CO.	2
GEOMARC	1
GEORGIE BOY MFG.	64
GIRARDIN MINIBUS INC.	2
GOODYEAR TIRE & RUBBER COMPANY	1
GRUMMAN CORP.	3
General Motors LLC	810
Gillig LLC	2
Great Dane Trailers	22
Gulf Stream Coach	35
HALE TRAILER BRAKE & WHEEL	7
HARMON TANK CO.	4
HARNEY COUNTY OPERATIONS	1
HIGH COUNTRY ALUMINUM PRODUCTS. LLC	40
HIGHWAY TRAILER IND.	4
HINO DIESEL TRUCKS(USA)	3
HOLIDAY RAMBLER CORP.	4
HOLLAND USA	1
HONEYWELL INTERNATIONAL	1
HPA MONON TRAILER	9
Hino Motors Sales U.S.A.	2
Honda (American Honda Motor Co.)	45
IC CORPORATION	29
IMPORTED AUTO PARTS CO.	2
INC	43
INC.	93
INTERNATIONAL TRUCK & ENGINE CORPORATION	29
IRBIT MOTORWORKS	6
ITASCA MOTORHOME	19
IVECO TRUCK OF N.A.	6
Isuzu Manufacturing Services of America	4
J-CRAFT A DIVISION OF CRYSTEEL MFG	2
JAGUAR CARS LTD	65
JOHN EVANS MFG. CO.	1
JOHN M. HILL MACHINE CO.	3
JUNO IND.	1
Jayco	12
KONGSBERG POWER PRODUCTS SYSTEMS I	6
KTM North America	9
KZRV	3
Kalmar Solutions	12
Kawasaki Motors Corp.	37
Kia Motors Corporation	17
LAFORZA AUTOMOBILES	4
LAND ROVER	20
LAZY DAZE	2
LEWIS MANUFACTURING	3
LOCKHEED MSL & SPACE CO.	2
LTD	8
LTD.	1
LUFKIN INDUSTRIES	5
M H EBY	18
MAC TRAILER MFG.	1
METAL FABRICATION	7
MFR	2054
MIDAS INTERNATIONAL CORP.	2
MIDLAND INTERNAT. CORP.	16
MIRADA	34
MITSUBISHI CARIBBEAN	2
MITSUBISHI MANUFACTURING AMER	1
MOBILE TRAVELER	1
MONACO COACH CORPORATION	73
MR. SAFETY CHECK SYSTEMS	3
Mack Trucks	458
Magic Tilt Trailers	1
Maserati North America	3
Mazda Motor Corp.	10
Mazda North American Operations	14
Mercedes-Benz USA	72
Meritor	4
Mertz Manufacturing	2
Mitsubishi Fuso Truck of America	25
Mitsubishi Motors North America	42
Monaco RV	7
Motor Coach Industries	98
NABI Bus	24
NATIONAL R.V. INC.	33
NATIONAL RV	10
NEW FLYER OF AMERICA	16
NEWBERG TRAILERS	3
NOVA BUS INCORPORATED	1
Navistar	125
Nissan North America	203
ODI	635
OLSON BODIES	1
OPEN ROAD IND.	1
OTD	4
OVSC	45
Oshkosh Corporation	4
PACCAR Incorporated	109
PALMER MACHINE WORKS	1
PARAMOUNT TANK	2
PEG PEREGO USA	7
PETERBILT MOTOR COMPANY	23
PEUGEOT	21
PITTS ENTERPRISES	27
POLAR TANK TRAILER	7
POLARIS INDUSTRIES	37
POLYMER PROCESS DEVELOPMENT	2
PREVOST CAR	7
PRF INDUSTRIES	7
PUROLATOR PRODUCTS	1
Peterson Industries	2
Piaggio Group Americas. Inc.	11
Pierce Manufacturing	23
Polaris Industries	25
Porsche Cars North America	2
Prevost Cars	4
QINGQI GROUP MOTORCYCLE CO.	4
RAVENS	6
REITNOUER	6
RENAULT	3
REVCON	36
REXHALL INDUSTRIES INC	2
REXNORD	1
ROUSH INDUSTRIES	1
ROUSH PERFORMANCE PRODUCTS	3
RUPP INDUSTRIES	2
Rolls-Royce Motor Cars	26
SAAB CARS NORTH AMERICA	3
SAAB CARS USA	28
SAFARI MOTOR COACHES	35
SAFELITE FULFILLMENT	1
SALEEN	2
SANTA FE VANS	1
SCHIEN EQUIPMENT	4
SEALCO AIR CONTROLS	2
SEARS ROEBUCK & CO.	2
SEBRING-VANGUARD	1
SHASTA INDUSTRIES	3
SHELBY AUTOMOBILES	3
SHELLER-GLOBE CORPORATION	2
SILENT DRIVE	1
SISU NORTH AMERICA	2
SMC CORPORATION	1
SOMERSET WELDING & STEEL	1
SPECTOR MANUFACTURING	39
SPECTRE INDUSTRIES	1
SPORTSCOACH OF AMER.	7
STAIRS WELDING	7
STEPHENS PNEUMATICS	1
STOLL TRAILERS	1
STRANGE ENGINEERING	1
SUMMIT TRAILER SALES	19
SUNDOWNER TRAILERS	1
Spartan Motors	188
Starcraft RV	32
Stoughton Trailers	7
Strick Corporation	2
Subaru of America	51
Suzuki Motor of America	1
TALBERT MANUFACTURING	5
TELMA RETARDER	5
THOMAS BUILT BUSES	166
THOR CALIFORNIA INC.	6
TI GROUP AUTOMOTIVE SYSTEMS	6
TIMPTE	1
TRAIL KING	3
TRAIL KING INDUSTRIES	1
TRAILERS BY DORSEY	3
TRAVEL INDUSTRIES	2
TRAVEL SUPREME	1
Tiffin Motorhomes	42
Toyota Motor Corporation	88
Trans/Air Manufacturing Corp.	1
Triumph Motorcycles America	13
UCI-FRAM Group 	9
UD Trucks Corporation	41
UNITED MOTORS OF AMERICA	2
UNITED TRAILERS	2
UNIVERSAL SPECIALTY VEHICLES	9
UOP	1
USA	4
VAN AMERICAN COBRA	4
VAN HOOL	3
VANTAGE MOBILITY INTERNATIONAL	2
VULCAN TRLR. MFG. CO.	1
Volkswagen of America	289
Volvo Cars of N.A.	36
Volvo Trucks North America	6
WARREN MANUFACTURING	3
WEBB WHEEL PRODUCTS	8
WELLCO MANUFACTURING	1
WESTERN RECREATIONAL VEHICLES	14
WESTERN STAR TRUCKS	18
WHEELER STEEL WORKS	6
WHITE MOTOR CORPORATION	1
WILDFIRE MOTORS	1
WILKENS INDUSTRIES	7
WORKHORSE CUSTOM CHASSIS	24
WTM	5
Winnebago Industries	140
Yamaha Motor Corporation	40
ZHEJIANG XINGYUE VEHICLE	2
